0 7858,7879,7871,7872,7845,7844,7816,7743,7780,7755,7730,7705,7734,7736,7797,7799,7886
1 7516,7639,7585,7538,7539,7501,7499,7571,7605,7549,7542,7486,7472,7449,7500,7435,7550,7440,7548,7488,7610,7665,7655,7708,7749,7733,7800,7817,7798,7839,7756,7757,7850,7870,7869,7809,7772,7853,7881,7818,7889,7890,7907,7904,7902,7897,7884,7843,7820,7777,7742,7750,7698,7697,7652,7656,7552,7591,7553,7492,7455,7490,7530,7554,7503,7483,7473,7446,7419,7420,7405,7390,7389,7377,7335,7370,7368,7296,7295,7391,7413,7447,7478,7572,7528,7644,7527,7663,7677,7767,7774,7769,7710,7699,7690,7680,7678,7674,7662,7646,7628,7624,7586,7587,7576,7574,7537,7556,7543,7535,7579,7584,7658,7667,7714,7758,7712,7790,7759,7814,7812,7847,7873,7893,7916,7935,7936,7958,7966,7975,7959,7970,7949,7947,7948,7940,7915,7900,7866,7865,7826,7827,7775,7832,7792,7836,7803,7804,7760,7748,7692,7668,7721,7693,7603,7561,7547,7506,7469,7481,7545,7546,7623,7670,7581,7689,7620,7672,7671,7616,7582,7525,7532,7509,7438,7431,7347,7312,7252,7243,7180,7172,7110,7108,7033,6965,6963,6872,6887,6801,6807,6699,6689,6555,6602,6519,6507,6453,6390,6335,6316,6268,6269,6216,6228,6191,6101,6128,6051,6075,6061,5987,5931,5930,5764,5852,5851,5700,5752,5647,5648,5616,5562,5426,5561,5501,5344,5383,5226,5164,5249,5181,5210,5209,5309,5311,5343,5503,5425,5456,5497,5487,5363,5424,5474,5524,5479,5387,5388,5315,5235,5225,5086,5138,4997,4966,4969,5000,5053,5093,5115,5052,5092,5085,5055,4968,4999,4889,4934,4795,4896,4797,4705,4547,4734,4617,4704,4423,4500,4675,4381,4624,4543,4614,4699,4442,4615,4339,4546,4378,4499,4377,4472,4326,4379,4368,4521,4436,4555,4487,4325,4324,4210,4273,4137,4211,4065,4121,4173,4172,4272,4275,4367,4392,4393,4416,4486,4595,4517,4519,4513,4668,4623,4512,4541,4460,4580,4642,4644,4468,4582,4454,4510,4344,4447,4318,4331,4418,4448,4603,4700,4591,4446,4791,4724,4901,4931,4835,4792,4782,4874,4729,4926,4845,4948,4875,4949,5035,5067,4988,4981,5068,5124,5123,5253,5314,5341,5416,5429,5467,5512,5534,5550,5565,5769,5629,5789,5716,5791,5835,5943,5834,6011,5895,5922,6096,6026,6143,6124,6172,6220,6246,6256,6188,6221,6222,6267,6266,6331,6359,6398,6487,6532,6552,6499,6440,6395,6438,6417,6432,6369,6407,6405,6394,6375,6337,6338,6444,6370,6503,6433,6578,6504,6652,6627,6568,6632,6684,6755,6820,6873,6867,6769,6768,6866,6883,6924,6893,6884,6940,6932,7003,6985,7052,7040,7004,6942,6915,6850,6821,6778,6740,6682,6788,6735,6898,6787,6853,6943,6928,7055,7050,7140,7124,7211,7209,7263,7208,7183,7111,7184,7190,7092,7091,7187,7216,7145,7188,7104,7146,7207,7248,7301,7318,7327,7398,7414,7448,7475,7517
2 7122,7175,7154,7088,7060,6988,7019,7087
3 6916,6794,6819,6667,6775,6793,6818,6882
4 7927,7955,7942,7910,7928
5 4373,4269,4214,4070,4136,4144,4213,4342
6 5409,5391,5283,5289,5301,5381
7 5122,5204,5120,5022,4989,4974
8 3867,3773,3758,3646,3647,3512,3496,3377,3392,3391,3348,3350,3243,3200,3104,3080,3027,2939,2841,2689,2600,2569,2873,2633,2940,2967,2677,2926,2844,2739,2835,2772,2691,2688,2621,2560,2527,2471,2472,2405,2304,2296,2226,2118,2117,1961,1962,1856,1758,1757,1752,1749,1694,1677,1531,1536,1537,1462,1348,1215,1213,1195,1177,1178,1109,1108,1106,974,1001,1057,1056,1070,1107,906,1079,972,907,837,893,982,991,1055,1081,1167,1172,1251,1250,1347,1378,1405,1429,1428,1583,1582,1686,1638,1801,1772,1937,1843,1972,2039,2114,2113,2041,2313,2290,2461,2409,2497,2598,2601,2676,2764,2694,2789,2840,2872,2908,2986,3079,3116,3242,3279,3334,3363,3469,3607,3511,3668,3717,3611,3815,3700,3887,3918
9 6671,6614,6525,6608,6582,6676,6724,6736,6809,6817,6890,6891,6858,6805,6734,6737
10 3669,3665,3602,3603,3490,3575,3574,3701
11 6723,6722,6743,6803,6802,6758
12 4388,4389,4280,4279,4320,4420,4387
13 7930,7944,7917,7912,7854,7864,7882,7909
14 3459,3407,3312,3240,3226,3272,3268,3269,3133,3216,2941,3053,3126,3127,3227,3349
15 6605,6424,6408,6573,6448,6399,6423,6482,6521,6524,6535,6537,6542,6597,6596,6662,6664,6747,6754,6811,6847,6855,6874,6904,6992,6986,6991,6990,6989,7075,7093,7161,7149,7253,7245,7196,7227,7268,7289,7294,7326,7374,7360,7357,7338,7334,7323,7324,7269,7270,7226,7221,7160,7095,7096,6999,7021,6922,6958,6859,6832,6816,6757,6746,6663,6669,6606
16 4258,4278,4182,4120,4076,3987,3961,3896,3765,3898,3799,3729,3675,3739,3837,3834,3795,3843,3929,3959,3958,4011,4084,4089,4167,4174,4222,4208,4308,4307,4295,4283,4220,4355,4261,4482,4532,4354,4589,4480,4599,4606,4496,4497,4397,4372,4284
17 6198,6121,5980,6036,5971,5972,5961,5794,5891,5812,5871,5845,5843,5960,5965,6035,6077,6123,6154,6201,6253,6301,6254
18 3168,3043,2921,2719,2741,2731,2580,2518,2657,2720,2800,2871,2845,3128
19 1960,1900,1901,1771,1705,1637,1573,1501,1483,1392,1393,1335,1293,1261,1147,1148,997,970,951,890,835,790,735,736,655,676,594,536,484,483,444,411,378,389,323,291,237,289,240,241,174,175,144,119,96,77,78,68,60,41,36,18,19,21,37,43,38,25,20,11,6,7,24,26,31,16,52,71,82,106,105,135,134,162,210,201,251,243,315,292,351,382,395,439,461,518,539,573,580,630,629,706,707,752,794,823,892,943,884,851,779,1008,1007,1115,1232,1211,1130,942,1066,1067,1210,1174,1341,1270,1410,1416,1542,1541,1665,1713,1712,1806,1818,1924,1919,1918,2067,2070,2254,2342,2297,2255,2231,2065,2264,2129,2273,2130,2328,2202,2203,2329,2403,2402,2534,2571,2466,2445,2389,2340,2240,2232,2241,2071,2064,1926,1878,1790,1766,1714,1663,1565,1566,1469,1480,1374,1375,1291,1138,1131,1380,1122,1394,1381,1377,1360,1150,1355,1219,1163,1112,1110,1087,1059,1077,984,967,869,870,772,875,761,740,720,681,642,564,721,643,615,762,712,795,777,757,747,748,711,640,662,610,758,749,843,833,831,806,756,753,754,696,666,663,658,568,567,544,588,492,490,428,426,408,385,367,339,332,287,221,235,218,176,173,177,126,124,109,104,97,85,93,66,115,159,110,180,142,199,222,229,260,236,249,247,285,248,187,228,231,230,273,274,334,354,379,404,430,453,497,499,520,546,608,664,651,783,781,854,863,928,945,1034,1036,1126,1153,1248,1274,1300,1338,1386,1421,1422,1523,1423,1506,1579,1692,1735,1780,1851,1781,1932,1957,2076,2077,2277,2269,2213,2285,2158,2306,2270,2407,2204,2501,2205,2499,2451,2365,2320,2188,2187,2157,2005,1933,1929,2136,2007,2185,2043,2137,1975,1917,1914,1867,1862,1795,1778,1870,1915,1959,2020,2019,2311,2230,2164,2138,2100,2030,2028,2021
20 3364,3285,3233,3190,3234,3102,3101,2915,2972,2863,2837,2746,2814,2630,2631,2611,2483,2448,2431,2554,2553,2796,2682,2678,2679,2588,2589,2514,2515,2632,2646,2747,2779,2877,2897,2829,2809,2668,2808,2874,2931,2876,3061,3054,3180,3256,3121,3455,3454,3566,3619,3621,3733,3766,3884,3883,3881,3847,3846,3789,3895,3941,4026,4083,4143,4142,4245,4217,4264,4178,4116,4117,4081,4004,3996,3870,3871,3732,3772,3676,3532,3567,3388,3419,3317,3258,3123,3193,3068,2938,2812,2813,2782,2664,2583,2582,2450,2509,2429,2510,2517,2412,2427,2212,2258,2256,2169,2207,2149,2032,2056,1943,1909,1829,1792,1652,1644,1528,1550,1445,1417,1324,1325,1191,1145,1017,1144,1235,1283,1399,1396,1326,1308,1239,1240,1192,1098,1053,985,922,873,866,814,811,764,746,774,691,646,679,554,555,500,501,458,450,394,422,360,363,401,359,365,393,421,420,479,505,529,541,471,466,456,392,357,358,326,304,212,256,193,191,122,148,118,131,146,117,89,64,69,92,130,132,170,188,161,154,155,189,216,215,277,307,340,309,384,383,432,454,486,512,523,562,620,622,698,697,877,778,930,932,975,1104,1103,1244,1196,1358,1449,1454,1276,1453,1404,1586,1601,1643,1721,1751,1793,1833,1835,1836,1992,1988,2131,2119,2266,2247,2393,2399,2496,2493,2591,2681,2753,2755,2900,2914,3039,3051,3189,3188,3421,3453
21 5926,5798,5912,5923,6008,6095,6032,5948
22 2200,2201,2109,1991,1782,2038,1813,1822,1896,1931,1974,1990,2051,2054,2160,2181,2260,2344,2346,2443,2442,2548,2476,2637,2624,2616,2504,2579,2552,2549,2478,2550,2396,2348,2171
23 6082,6103,6132,6244,6304,6231,6158,6153
24 6033,5911,5946,5860,5859,5746,5759,5807,5772,5682,5745,5614,5879,5774,5967,5806,5888,6007,5966,6009,6054
25 294,207,246,220,254,338,297
26 5168,5190,5250,5308,5242,5169
27 4013,4099,4132,4155,4124,4039,4059,3922,4002,3938,3801,3842,3759,3760,3671,3618,3423,3596,3484,3315,3301,3136,3186,3369,3300,3413,3173,3297,3161,3033,2961,2744,2960,2715,2905,2846,2698,2713,2907,2784,2858,2857,2904,2903,2945,2948,2916,2714,2783,2786,2944,2811,2865,2717,2761,2894,2862,3015,3014,3175,3174,3335,3354,3353,3259,3283,3352,3351,3431,3517,3516,3556,3485,3560,3451,3519,3508,3609,3630,3720,3723,3839,3838,3928,3927,3892,4057,4153,4098,4287,4151,4333,4200,4300,4438,4493,4561,4592,4686,4717,4649,4751,4722,4691,4718,4752,4653,4811,4770,4654,4747,4711,4771,4742,4813,4674,4851,4740,4887,4880,4877,4858,4774,4773,4741,4558,4608,4455,4609,4710,4671,4802,4801,4861,4878,4892,5060,5013,5133,5095,5201,5214,5223,5233,5287,5368,5413,5348,5462,5460,5405,5411,5463,5369,5470,5349,5476,5336,5366,5212,5288,5285,5267,5135,5179,5307,5178,5335,5219,5365,5346,5297,5203,5171,5111,5098,5056,5142,5189,5241,5140,5099,5030,5028,4984,4921,4838,4839,4665,4666,4640,4479,4476,4356,4353,4171,4157,4156
28 4573,4660,4661,4502,4688,4757,4549,4905,4960,4938,4903,4857,4854,4790,4690,4879,4777,4907,4855,4804,4737,4621,4571,4553,4535,4505,4494,4453,4451,4364,4413,4309,4335,4365,4290,4239,4240,4185,4148,4069,4067,4048,3999,4042,4043,4050,3963,3955,3914,3912,3813,3873,3763,3660,3653,3504,3505,3684,3578,3694,3643,3710,3711,3631,3724,3580,3562,3543,3544,3462,3463,3311,3346,3205,3152,3085,2976,2977,2952,2924,3019,3105,2934,3183,3086,2956,3250,3146,3296,3262,3347,3381,3501,3536,3604,3698,3695,3780,3781,3901,3903,3869,3827,3916,3821,3782,3752,3744,3824,3820,3832,3726,3627,3509,3510,3374,3266,3202,3263,3107,3097,3038,2964,3185,3037,3267,3142,3344,3410,3339,3255,3098,3113,2963,2954,2797,2725,2711,2626,2629,2535,2538,2441,2465,2244,2302,2233,2216,2214,2209,2152,2069,1950,1949,1880,1748,1745,1707,1674,1605,1606,1570,1514,1470,1425,1310,1294,1223,1220,1083,1084,871,1012,1042,1045,1133,1230,1229,1063,1011,1010,1041,1046,1062,953,1014,868,861,787,818,702,786,605,598,744,743,817,825,874,958,1004,1049,1117,1089,1072,1073,1013,936,1161,1162,1282,1309,1411,1459,1608,1625,1645,1654,1678,1702,1701,1811,1823,1624,1653,1709,1774,1786,1810,1660,1661,1489,1560,1474,1473,1379,1398,1266,1264,1100,1136,1146,1183,1284,1397,1419,1437,1446,1487,1544,1547,1697,1819,1820,1698,1982,2003,2061,2184,2094,2218,2299,2217,2482,2523,2525,2655,2654,2763,2818,2896,2996,2997,3084,3065,2936,3041,2830,2848,3024,3023,3050,3150,3157,3278,3223,3389,3417,3329,3428,3526,3522,3644,3558,3806,3713,3907,3936,3981,3983,4111,4110,4193,4192,4313,4337,4374,4435,4445,4550
29 5046,5045,5102,5162,5132,5019,5023
30 7135,7136,7201,7259,7260,7194,7128,7099,7036,7007,6935,6869,6868,6937,6980,6997,6996,7101,7047,7048
31 1031,1032,1102,1118,1228,1189,1154
32 5692,5784,5741,5850,5849,5848,5702,5742,5635
33 725,841,852,968,980,901,1020,1060,1080,1082,1111,1237,1317,1357,1362,1376,1538,1590,1620,1717,1783,1939,1940,2034,2112,2093,2178,2325,2262,2439,2373,2339,2259,2193,2414,2413,2492,2541,2652,2732,2659,2653,2551,2531,2453,2420,2595,2597,2760,2759,2932,2933,3070,2990,2959,2794,2795,2635,2636,2528,2530,2375,2421,2367,2249,2089,2050,2048,1886,1884,1743,1650,1634,1540,1626,1539,1504,1440,1349,1350,1187,1186,1101,1035,1021,900,923
34 1265,1322,1450,1559,1323,1600,1602,1603,1451,1321,1307,1206,1209,1306,1372,1156
35 5803,5876,5821,5836,5644,5747,5763
36 5981,6031,5982,5993,5949,5950,5919,5976,5977,5903,5785,5760,5877,5690,5837,5874,5867,5924,5925
37 5508,5569,5574,5603,5640,5639,5749,5724,5808,5862,5900,5863,5854,5813,5757,5725,5715,5688,5576,5604,5493
38 4953,5031,5072,5163,5187,5304,5358,5221,5255,5367,5392,5437,5499,5520,5581,5580,5645,5634,5773,5839,5761,5654,5658,5545,5542,5500,5489,5357,5435,5402,5331,5442,5441,5514,5560,5543,5628,5674,5610,5740,5719,5780,5665,5666,5675,5638,5611,5579,5546,5537,5528,5444,5445,5353,5355,5290,5291,5191,5192,5075,4947,4978,4979,4832,4884,4765,4739,4833,4656,4799,4677,4655,4634,4526,4525,4410,4515,4514,4570,4637,4652,4597,4865,4680,4807,4627,4764,4738,4766,4864,4867,4856,4912,4951
39 6566,6511,6470,6469,6488,6589,6604
40 848,882,978,1026,1025,1170,1221,1258,1352,1359,1426,1408,1576,1630,1515,1471,1415,1311,1312,1222,1193,1171,1085,1065,954,955,822
41 1699,1518,1395,1589,1591,1764,1716
42 4328,4450,4412,4484,4349,4329
43 4635,4601,4800,4810,4748,4681,4576,4575
44 2729,2826,2827,2969,2991,3095,3198,3030,2901,2887,2774,2854,2775,2968,2970,3082,3165,3163,3331,3332,3447,3341,3554,3583,3613,3784,3848,3679,3792,3878,3850,3967,4100,4125,4063,4145,4186,4346,4402,4297,4194,4195,4045,4101,4024,3989,3990,3925,3879,3793,3779,3747,3748,3555,3656,3588,3533,3530,3570,3489,3629,3571,3693,3585,3853,3798,3891,3616,3796,3691,3692,3537,3538,3426,3403,3323,3324,3155,3156,2992,3044,3046,2911,3119,2885,2886,2825,2667,2665
